2025-04-15 18:09:58.039083 - Received CBT.V508.FILE1029.PDS from FILE1029.XMI 
2025-04-15 18:09:58.041069 - Found $$$#DATE.txt (text/plain) in CBT.V508.FILE1029.PDS, moved to PDS/$$$#DATE
2025-04-15 18:09:58.041269 - Found $$README.txt (text/plain) in CBT.V508.FILE1029.PDS, moved to PDS/$$README
2025-04-15 18:09:58.041604 - Found $README.txt (text/plain) in CBT.V508.FILE1029.PDS, moved to PDS/$README
2025-04-15 18:09:58.041654 - Found @FIL1029.txt (text/plain) in CBT.V508.FILE1029.PDS, moved to PDS/@FIL1029
2025-04-15 18:09:58.041849 - Found DATATST.txt (text/plain) in CBT.V508.FILE1029.PDS, moved to PDS/DATATST
2025-04-15 18:09:58.042053 - Found DATAXXX.txt (text/plain) in CBT.V508.FILE1029.PDS, moved to PDS/DATAXXX
2025-04-15 18:09:58.042381 - Found EXEC.xmi (application/xmit) in CBT.V508.FILE1029.PDS, moved to PDS/EXEC.xmi
2025-04-15 18:09:58.091304 - Received SYSP.RXP.EXEC from EXEC.xmi 
2025-04-15 18:09:58.092369 - Found $$README.txt (text/plain) in SYSP.RXP.EXEC, moved to EXEC/$$README
2025-04-15 18:09:58.092609 - Found DATATST.txt (text/plain) in SYSP.RXP.EXEC, moved to EXEC/DATATST
2025-04-15 18:09:58.092834 - Found DATAXXX.txt (text/plain) in SYSP.RXP.EXEC, moved to EXEC/DATAXXX
2025-04-15 18:09:58.093064 - Found RXDEBUGP.txt (text/plain) in SYSP.RXP.EXEC, moved to EXEC/RXDEBUGP
2025-04-15 18:09:58.093418 - Found RXPSAMP1.rexx (text/plain) in SYSP.RXP.EXEC, moved to EXEC/RXPSAMP1
2025-04-15 18:09:58.093769 - Found RXPSAMP2.rexx (text/plain) in SYSP.RXP.EXEC, moved to EXEC/RXPSAMP2
2025-04-15 18:09:58.094106 - Found RXPSAMP3.rexx (text/plain) in SYSP.RXP.EXEC, moved to EXEC/RXPSAMP3
2025-04-15 18:09:58.094500 - Found RXPSAMP4.rexx (text/plain) in SYSP.RXP.EXEC, moved to EXEC/RXPSAMP4
2025-04-15 18:09:58.094848 - Found RXPSAMP5.rexx (text/plain) in SYSP.RXP.EXEC, moved to EXEC/RXPSAMP5
2025-04-15 18:09:58.095169 - Found RXPSAMP6.rexx (text/plain) in SYSP.RXP.EXEC, moved to EXEC/RXPSAMP6
2025-04-15 18:09:58.095513 - Found RXPSAMP7.rexx (text/plain) in SYSP.RXP.EXEC, moved to EXEC/RXPSAMP7
2025-04-15 18:09:58.098551 - Found LOAD.xmi (application/xmit) in CBT.V508.FILE1029.PDS, moved to PDS/LOAD.xmi
2025-04-15 18:09:58.175638 - Received SYSP.RXP.LOAD from LOAD.xmi 
2025-04-15 18:09:58.177197 - Found IGYCASM1.bin (application/octet-stream) in SYSP.RXP.LOAD, moved to LOAD/IGYCASM1
2025-04-15 18:09:58.177554 - Found REXXDUMP.bin (application/octet-stream) in SYSP.RXP.LOAD, moved to LOAD/REXXDUMP
2025-04-15 18:09:58.180442 - Found RXP.bin (application/octet-stream) in SYSP.RXP.LOAD, moved to LOAD/RXP
2025-04-15 18:09:58.180898 - Found RXDEBUGP.txt (text/plain) in CBT.V508.FILE1029.PDS, moved to PDS/RXDEBUGP
2025-04-15 18:09:58.181071 - Found RXPSAMP1.rexx (text/plain) in CBT.V508.FILE1029.PDS, moved to PDS/RXPSAMP1
2025-04-15 18:09:58.181218 - Found RXPSAMP2.rexx (text/plain) in CBT.V508.FILE1029.PDS, moved to PDS/RXPSAMP2
2025-04-15 18:09:58.181363 - Found RXPSAMP3.rexx (text/plain) in CBT.V508.FILE1029.PDS, moved to PDS/RXPSAMP3
2025-04-15 18:09:58.181635 - Found RXPSAMP4.rexx (text/plain) in CBT.V508.FILE1029.PDS, moved to PDS/RXPSAMP4
2025-04-15 18:09:58.181942 - Found RXPSAMP5.rexx (text/plain) in CBT.V508.FILE1029.PDS, moved to PDS/RXPSAMP5
2025-04-15 18:09:58.182232 - Found RXPSAMP6.rexx (text/plain) in CBT.V508.FILE1029.PDS, moved to PDS/RXPSAMP6
2025-04-15 18:09:58.182524 - Found RXPSAMP7.rexx (text/plain) in CBT.V508.FILE1029.PDS, moved to PDS/RXPSAMP7
